20244	Utes	44.59562950000	34.36236350000
311	Абакан	53.71339000000	91.48276200000
102070	Абдулино	53.68872800000	53.65478000000
101907	Абезь	66.52747400000	61.76570800000
101161	Абзаково	53.83615800000	58.59528100000
101066	Абинск	44.85510400000	38.15541800000
100772	Абрамцево	56.14533000000	53.71482800000
101091	Абрамцево (Московская область)	56.22588900000	37.95661500000
101070	Абрау-Дюрсо	44.70221900000	37.65513500000
102013	Агинское	51.11049600000	114.53000000000
101002	Агой	44.14333200000	39.03061500000
102140	Агрыз	56.54160900000	53.02028100000
100751	Адлер	43.44435500000	39.93934900000
7486	Азов	47.09501200000	39.41653300000
101508	Айп	48.62427900000	133.43592800000
101524	Акатово	55.15051600000	36.79820900000
101715	Аксай	47.27447200000	39.86361400000
101303	Аксарайская	46.79503500000	48.00619500000
101804	Алапаевск	57.84468100000	61.70825200000
101329	Алатырь	54.83684700000	46.57657500000
101738	Алдан	58.60646200000	125.38469200000
101693	Алекка	61.86555800000	33.26057100000
7621	Александров	56.38787500000	38.72921300000
101029	Александровка	55.75152300000	37.21043200000
100825	Александровское	44.68720800000	43.01998800000
102091	Александровск-Сахалинский	50.90194200000	142.15979400000
101461	Алексеевка (Белгородская область)	50.62662100000	38.68566600000
101765	Алексеевка (Самарская область)	53.25304000000	50.49294900000
7632	Алексин	54.49546500000	37.10474500000
102151	Алнаши	56.18957300000	52.47652000000
101375	Алпатово	43.69770800000	45.24462000000
101197	Алпатьево	54.88090500000	39.32816800000
100920	Алтайский край	1.00000000000	1.00000000000
101231	Алтынжар	46.26981700000	48.51193100000
101443	Алтышево	54.91594000000	46.69043200000
73514	Алупка	44.41670000000	34.05000000000
69263	Алушта	44.67631000000	34.40778000000
101386	Алхан-Кала	43.25967400000	45.52654900000
7688	Альметьевск	54.90067900000	52.30224200000
101740	Амга	60.90516600000	132.04234400000
100760	Амдерма	69.74285900000	61.73780300000
101832	Амзас	53.01869800000	87.54823400000
100922	Амурская область	NULL	NULL
874	Анадырь	64.71057400000	177.48700200000
253	Анапа	44.91764000000	37.32079800000
101426	Ангарич	53.83021800000	124.41240100000
7726	Ангарск	52.55674300000	103.91303700000
101944	Андрейково	56.78453300000	35.91997500000
7753	Анжеро-Судженск	56.07525900000	86.03106200000
101416	Аносовская	54.62754900000	123.97285800000
101860	Антибесский	56.17431100000	87.52817400000
101151	Антоновка	53.22171200000	34.27564000000
101665	Антропово	58.40129400000	43.00321300000
7794	Апатиты	67.58686600000	33.39672500000
100831	Апрелевка	55.53666300000	37.07644300000
101399	Арга	51.28116700000	128.24187600000
101440	Аргаяш	55.49160700000	60.87647900000
101385	Аргун	43.29655200000	45.87675700000
101691	Ардон	43.18905500000	44.30948300000
7841	Арзамас	55.39234800000	43.83770300000
101653	Арлюк	55.43571100000	84.84303200000
7856	Армавир	44.97169600000	41.15654800000
7868	Арсеньев	44.15984500000	133.28503600000
101132	Арск	56.07729900000	49.86707800000
101581	Артем	43.35003800000	132.15326600000
101648	Артемово	56.28472400000	31.16179100000
101846	Артышта	54.11947200000	86.27222200000
435	Архангельск	64.51639100000	40.70134700000
100923	Архангельская область	1.00000000000	1.00000000000
101811	Архангельское	54.43107400000	48.66157700000
101264	Архара	49.42238200000	130.07870600000
101005	Архипо-Осиповка	44.37141000000	38.53304000000
101048	Асбест	57.01290700000	61.48158900000
102021	Асеевская	53.11258400000	45.69796800000
102047	Аскарово	53.33712200000	58.50815200000
100924	Астраханская область	NULL	NULL
6619	Астрахань	46.34320400000	48.05466300000
101444	Атрать	55.01092100000	46.70547400000
101112	Афанасьево	56.03181100000	43.72105500000
101116	Афонино	56.26256600000	44.08819700000
7974	Ахтубинск	48.29396600000	46.17214200000
7985	Ачинск	56.27340500000	90.49655100000
101439	Аша	54.99051900000	57.29179300000
100998	Аше	43.95499200000	39.27292800000
101423	Аячи	54.08460600000	121.68572800000
100773	Бабушкин	51.69777500000	105.85742200000
101603	Бабынино	54.38099000000	35.74544000000
101101	Багратионовск	54.38857100000	20.64753300000
101946	Баевка	54.81118500000	20.75916500000
101325	Байдаево	43.25195600000	42.57592800000
101902	Байдук	66.14363400000	60.65755100000
101178	Байкал	51.87046000000	104.79002300000
8088	Байкальск	51.52375800000	104.16088400000
102046	Баймак	52.58487400000	58.32753100000
101626	Балабаново	55.18271600000	36.66654200000
100761	Балаково	52.02251700000	47.79790200000
8141	Балашиха	55.77494300000	37.99000200000
101786	Балашов	51.53490800000	43.19188300000
8164	Балтийск	54.66985100000	19.94083900000
101419	Бамовская	54.12144100000	123.70036800000
102032	Барабинск	55.35370600000	78.36023400000
101607	Барановский	43.65035300000	131.93029000000
100878	Барвиха	55.74105500000	37.27856500000
101535	Барлак	55.21115500000	83.22233300000
1582	Барнаул	53.34437900000	83.74113400000
101209	Барыбино	55.26172400000	37.90184700000
101592	Барятино	54.30048200000	34.53219400000
102164	Баскаково	54.63097600000	33.90526400000
101305	Басы	46.13753700000	47.17403200000
101716	Батайск	47.11254500000	39.73898800000
8286	Бахчисарай	44.75280000000	33.86080000000
102027	Башмаково	53.20865900000	43.04147900000
102009	Бежаницы	56.99217500000	29.90687000000
102090	Бежецк	57.79013500000	36.69644600000
101214	Бекасово	55.42513100000	36.84826600000
101227	Белая Гора	68.52484700000	146.29613600000
101717	Белая Калитва	48.18346300000	40.78208400000
101564	Белая Холуница	58.84064200000	50.83673800000
1836	Белгород	50.57991100000	36.67086600000
100926	Белгородская область	NULL	NULL
102075	Белебей	54.10031300000	54.12607300000
8355	Белев	53.80000000000	36.13330000000
101468	Беленихино	50.94288900000	36.62376000000
101415	Беленькая	54.87073700000	124.37839400000
101477	Беленькое	50.58237800000	35.92769500000
101847	Белово	54.41666700000	86.30865100000
101237	Белогорск	50.91576500000	128.46917800000
102087	Белозерск	60.02204000000	37.79332300000
61092	Белокуриха	51.98895300000	84.98464600000
102010	Беломорск	64.53630300000	34.76711500000
40815	Белорецк	53.95340000000	58.38143000000
8393	Белореченск	44.76882900000	39.85853200000
40460	Белоярский	63.71666700000	66.66666700000
101226	Белые Столбы	55.32376900000	37.87540400000
102123	Белый	55.83470800000	32.95305600000
101659	Бельсу	53.67419800000	88.39831300000
101742	Бердигестях	62.10436300000	126.74298500000
8432	Бердск	54.78385100000	83.10999600000
101911	Береговое	54.92825200000	20.36584000000
101960	Бережковское	54.62629600000	21.64529100000
101766	Берёза	53.53265500000	50.14105200000
8460	Березники	59.41660000000	56.78330000000
101818	Березняковский	57.22750500000	65.52590100000
101575	Березовский	53.50356600000	34.72061100000
101734	Берёзовский (Кемерово)	55.60278600000	86.22437000000
100774	Беседы	56.76443400000	34.18603500000
101688	Беслан	43.19866900000	44.56423900000
101642	Бесленеевская	44.23304800000	40.72519400000
102022	Бессоновка	53.31087500000	45.04864200000
101600	Бетлица	54.01447100000	33.94878400000
101006	Бетта	44.37447400000	38.39718200000
8544	Бийск	52.52840500000	85.19250900000
101510	Бира	48.99919700000	132.47067900000
101513	Биракан	48.99288700000	131.73754700000
8565	Биробиджан	48.78423500000	132.97799200000
102048	Бирск	55.41988900000	55.55549400000
101459	Бирюч	50.53099500000	38.42220300000
8595	Благовещенск	50.28945500000	127.59187900000
102159	Благовещенская	45.05044200000	37.12685800000
101799	Благодарный	45.09232900000	43.43464300000
101951	Богатово	54.84485800000	21.35062000000
100899	Богачевка	54.88723300000	160.90451800000
8652	Богданович	56.78330000000	62.05000000000
101558	Богдановка	54.14797900000	35.80371000000
102003	Богородицк	53.75796000000	38.11888100000
101106	Богородск	56.09568100000	43.52742800000
101391	Богучан	49.28928000000	130.25929600000
101820	Богучар	49.93771300000	40.55805100000
61131	Болгар	54.98338200000	49.03263900000
100885	Болтино	55.95946200000	37.66922800000
101961	Большаково	54.87996600000	21.65779800000
101177	Большая Речка	51.95513700000	104.72076100000
101422	Большая-Омутная	54.02442800000	122.26528400000
101143	Большое Болдино	55.00170300000	45.31824900000
101170	Большое Голоустное	52.03809300000	105.40627300000
101020	Большое Ивановское	55.31025900000	38.16591200000
101823	Большое Ивановское (Московская область)	56.13573500000	37.56373900000
101009	Большой Кичмай	43.83399700000	39.50935000000
101045	Бор	56.35501800000	44.07402200000
101824	Борец	56.09511500000	37.53104900000
8762	Борисоглебск	51.36661700000	42.09748400000
100903	Борисоглебский	57.26713500000	39.17030400000
101916	Боровиково	57.64761000000	41.14175100000
8773	Боровичи	58.38403000000	33.89929100000
100872	Боровое	54.69357600000	82.64525400000
101745	Борогонцы	62.68645200000	131.18889200000
101190	Бородино	55.52001300000	35.81192900000
4933	Братск	56.24888700000	101.71633700000
101430	Бреды	52.41890200000	60.34603300000
100868	Брехово	55.92741000000	37.17944900000
101184	Бронницы	55.42442900000	38.25719800000
101711	Брыкин Бор	54.70274300000	40.81850800000
8900	Брянск	53.27374100000	34.35797100000
100927	Брянская область	NULL	NULL
101758	Бугры-Полярные	66.40448200000	61.40256800000
40811	Бугульма	54.52810900000	52.81149700000
8924	Бугуруслан	53.65376600000	52.43940400000
61355	Будeнновск	44.78333300000	44.15000000000
101511	Будукан	49.01423000000	132.21562600000
101296	Бужаниново	56.39867300000	38.30272100000
101040	Бузаево	55.71809000000	37.12038000000
101304	Бузанский	46.73391200000	48.03128100000
101400	Бузули	51.65173000000	128.14826900000
8945	Бузулук	52.78004100000	52.26451100000
101136	Буинск	54.97279100000	48.28244900000
101679	Буй	58.46923700000	41.54434400000
101684	Буйнакск	42.83277000000	47.14836600000
101176	Бурдугуз	52.05885800000	104.61259800000
101266	Бурея	49.81147200000	129.78767800000
101954	Бурон	42.77330100000	43.92519400000
60513	Бытха	43.55978500000	39.76994300000
102146	Вавож	56.76716100000	51.93855700000
102055	Валаам	61.38744900000	30.95448200000
9124	Валдай	57.97726900000	33.28466100000
100800	Валуево	58.87083200000	42.90740800000
101455	Валюки	50.18609600000	38.12898500000
101342	Варгаши	55.36706600000	65.83603000000
9168	Вардане	43.74210100000	39.54811900000
101432	Варна	53.38089500000	60.97644300000
101018	Ватутинки	55.50478200000	37.33331200000
100905	Вая	60.60200500000	58.41647700000
101748	Вежайка	62.54370400000	49.70764900000
102095	Велиж	55.61006000000	31.19232200000
42017	Великие Луки	56.38330000000	30.61660000000
100828	Великий	56.32668000000	30.53752500000
40689	Великий Устюг	60.78830000000	46.26000000000
101714	Великодворский	55.24107400000	40.68159600000
9272	Вельск	61.06040200000	42.12344200000
100914	Вербилки	56.53079700000	37.56696300000
101189	Верея	55.34830700000	36.19053300000
101781	Верхневилюйск	63.44926800000	120.38780800000
101408	Верхнезейск	54.62437100000	128.54791700000
102152	Верхние Мандроги	60.93031400000	34.04414900000
101301	Верхний Баскунчак	48.23528500000	46.71812400000
101442	Верхний Уфалей	56.06175400000	60.23051700000
101662	Верхняя Инта	65.98845200000	60.32320300000
101319	Верхошижемье	58.01632000000	49.11236300000
101782	Верхоянск	67.55648600000	133.46947800000
101969	Веселовка	54.58789300000	22.01495700000
101890	Весляна	62.75598000000	51.48777100000
102089	Весьегонск	58.66198800000	37.26825600000
101915	Веськово	56.72807000000	38.77948300000
102039	Вешенская	49.63671000000	41.71585200000
100807	Вешняки	57.15132500000	38.05596300000
10672	Видное	55.54743500000	37.68816700000
101681	Визинга	61.07879600000	50.08821000000
101705	Вилга	61.81948900000	34.09039300000
101783	Вилюйск	63.75173900000	121.65114700000
101203	Виноградово	55.41962400000	38.55724500000
101894	Вис	63.90675800000	54.44529600000
61310	Витязево	44.98975500000	37.26646900000
101315	Вихоревка	56.10277600000	101.19228600000
101532	Вичуга	57.22130700000	41.96043900000
5914	Владивосток	43.16679900000	132.03981700000
9494	Владикавказ	43.02814800000	44.65452800000
9495	Владимир	56.13554300000	40.41166600000
100988	Владимирская область	NULL	NULL
100768	Владыкино	58.50538300000	29.89281200000
101125	Власиха	53.29719100000	83.56898700000
9510	Внуково	55.60137600000	37.27611000000
102065	Водла	62.07433000000	37.46410700000
101917	Водстрой	48.84223300000	44.56333600000
101259	Вожега	60.47534900000	40.22307600000
101937	Воздвиженское	56.38271300000	36.29225000000
101395	Возжаевка	50.73675900000	128.71360400000
101588	Воймирово	54.04652700000	34.95341000000
101935	Волга	56.72418700000	35.36926100000
4819	Волгоград	48.67632100000	44.47184300000
100881	Волгоград (и окрестности)	48.67632100000	44.47184300000
100989	Волгоградская область	NULL	NULL
42192	Волгодонск	47.51438900000	42.15566300000
9569	Волжская область	55.87020000000	48.35610000000
61083	Волжский	48.79630500000	44.76338000000
100806	Волково	60.17232100000	29.09059000000
101010	Волконка	43.86760100000	39.38987400000
4773	Вологда	59.21680100000	39.84938500000
100990	Вологодская область	NULL	NULL
101192	Волоколамск	56.03773400000	35.95068900000
101458	Волоконовка	50.48379400000	37.85879100000
101505	Волочаевка	48.56660100000	134.54237800000
101064	Волочаевское	54.69904800000	20.22151000000
6470	Воркута	67.44793300000	64.08263500000
2767	Воронеж	51.67187000000	39.19162400000
100991	Воронежская область	NULL	NULL
101604	Воротынск	54.46958200000	36.03859200000
101094	Воскресенск	55.30303600000	38.70698100000
102098	Воткинск	57.05473900000	53.98923400000
100801	Всеволожск	60.01145200000	30.65046000000
102129	Всходы	54.66536000000	34.10223800000
101447	Вурнары	55.49364600000	46.96090200000
9731	Выборг	60.70748700000	28.75411600000
101368	Выгоничи	53.09532600000	34.08268000000
61278	Выкса	55.31939800000	42.18267300000
101798	Высокое	54.73645500000	32.21540200000
9765	Высоцк	60.60479800000	28.59948300000
101356	Вышков	52.47936400000	31.65528200000
61292	Вышний Волочёк	57.58820400000	34.54657100000
101627	Вяземский	47.54888100000	134.75750100000
102111	Вязники	56.24533400000	42.13690700000
102085	Вязьма	55.21522200000	34.30809500000
101043	Вялково	55.47303600000	37.83731600000
101544	Вяртсиля	62.18161900000	30.69121300000
101528	Гаврилов Посад	56.55296600000	40.12679300000
101114	Гавриловка	56.22760200000	43.72325900000
102086	Гагарин	55.55108300000	34.99672800000
101666	Галич	58.37114200000	42.34174200000
9903	Гатчина	59.54866600000	30.11966600000
101105	Гвардейск	54.65082000000	21.08481000000
101611	Гвоздево	42.69091500000	130.91187100000
5997	Геленджик	44.55958800000	38.08324500000
9936	Георгиевск	44.14569800000	43.47921200000
102161	Герчики	54.52845500000	32.03311300000
101290	Гжель	55.61175100000	38.44385900000
102063	Гимоли	62.93351300000	32.54700400000
9984	Глазов	58.13676100000	52.65980800000
101878	Глебово	57.92734300000	41.67965200000
102138	Годеново	56.97984900000	39.45336200000
101019	Голиково	55.93277800000	37.28857100000
101215	Голицыно	55.61766500000	36.99048300000
100917	Головинка	43.79145600000	39.46524500000
101976	Голубево	54.61530400000	20.41299500000
101072	Голубицкая	45.32022100000	37.28012400000
101276	Гонжа	53.58400000000	125.38026000000
101115	Горбатовка	56.25333200000	43.74473900000
101144	Горки	55.13161400000	39.22492300000
101028	Горки Ленинские	55.51030700000	37.77572000000
101531	Горкино	57.15185900000	41.62120800000
61232	Горно-Алтайск	51.94537500000	85.97259200000
101107	Городец	56.64184700000	43.47374200000
102067	Городище	53.27098100000	45.69570200000
102153	Городище (Тверь)	56.61068100000	36.58266200000
102069	Городовиковск	46.08491900000	41.93672100000
101110	Гороховец	56.20639500000	42.68365400000
101065	Горячий Ключ	44.62451900000	39.12673900000
101166	Горячинск	52.98507300000	108.30138900000
101082	Гостилицы	59.74620900000	29.62476600000
101470	Гостищево	50.77943600000	36.65890100000
101167	Гремячинск	52.80227200000	107.97328700000
101038	Грибки	55.95663900000	37.53299900000
102155	Григорчиково	55.50903600000	37.90594300000
100762	Грозный	43.28229300000	45.68698200000
10289	Грязи	52.48752100000	39.95293900000
101643	Гуамка	44.23051600000	39.90917500000
10304	Губкин	51.29753500000	37.60944800000
101429	Гудачи	53.68794700000	125.23168300000
101383	Гудермес	43.35618800000	46.09968400000
73506	Гурзуф	44.55000000000	34.28330000000
101568	Гурьевск	54.28351600000	85.93858800000
101945	Гурьевск (Калининград)	54.78100600000	20.62043300000
101968	Гусев	54.59220000000	22.20966200000
101591	Дабужа	54.22102200000	34.81842300000
101687	Дагестанские Огни	42.14345400000	48.19143000000
10387	Дагомыс	43.65940400000	39.66082600000
101403	Дактуй	53.32931500000	126.16884600000
101339	Далматово	56.25783800000	62.96938200000
102077	Дальнегорск	44.54112700000	135.53370500000
101612	Дальнеречинск	45.92934200000	133.75373300000
100842	Дальний Восток (Россия)	NULL	NULL
101253	Данилов	58.19384700000	40.19737300000
100823	Дачное	46.73416500000	142.73703300000
101000	Дедеркой	44.06061500000	39.13468800000
100848	Дедовск	55.86654000000	37.13844200000
101504	Дежневка	48.53745200000	134.63545300000
101793	Демидов	55.27410300000	31.53111800000
101016	Денежниково	55.44215500000	38.11079600000
100894	Дербент	42.04514700000	48.30582200000
101623	Детчино	54.80380400000	36.32125900000
101384	Джалка	43.32745500000	45.98536100000
101067	Джанхот	44.46632300000	38.17189400000
101427	Джиктанда	53.73563600000	124.52967600000
101004	Джубга	44.32486600000	38.70006100000
10612	Дзержинск	56.23382700000	43.41510200000
100776	Дзержинский	55.62596600000	37.83945600000
101108	Дивеево	55.04661700000	43.24593000000
101117	Дивногорск	55.96613100000	92.35925300000
102060	Дивногорье	50.95962000000	39.28892000000
101068	Дивноморское	44.50069300000	38.12895400000
101767	Димитровград	54.22361700000	49.59758100000
101286	Дипкун	55.13298100000	126.78505200000
101489	Дмитриев	52.12375200000	35.09365900000
101994	Дмитриевка	52.88136800000	40.79683500000
10659	Дмитров	56.34467200000	37.52831400000
101573	Днепровский	61.39590500000	151.79919900000
101482	Добринка	52.17234300000	40.46171700000
101947	Добрино	54.81428800000	20.87242800000
101467	Долгое	51.30114300000	37.30250300000
101495	Долгоруково	52.32291600000	38.34836600000
101324	Домбай	43.29037800000	41.64009600000
101265	Домикан	49.65595200000	129.93757400000
10735	Домодедово	55.42131300000	37.83678400000
101344	Донское	52.61655200000	38.97396400000
102081	Донской	53.96531500000	38.32752500000
101216	Дорохово	55.54445800000	36.37505400000
101636	Дракино	54.86135200000	37.28641900000
101292	Дрезна	55.73306100000	38.85621700000
100775	Дружба	49.94359800000	38.90607300000
101031	Дружба (Московская область)	55.72773900000	37.36489000000
101980	Дружное	54.78021200000	20.35313500000
101095	Дубна	56.73844300000	37.14594000000
101366	Дубровка	53.69447400000	33.49979000000
101405	Дугда	53.35785400000	130.00172300000
101580	Думиничи	53.90706000000	35.14696900000
102108	Духовщина	55.19263500000	32.42385700000
102073	Дюртюли	55.48471000000	54.88287200000
101365	Дятьково	53.60101300000	34.33983500000
10916	Евпатория	45.20650000000	33.36450000000
100936	Еврейская автономная область	NULL	NULL
101849	Егозово	54.68863000000	86.08245200000
101183	Егорьевск	55.37242100000	39.03985900000
10938	Ейск	46.70257100000	38.26398000000
4368	Екатеринбург	56.82746400000	60.57838200000
100840	Екатеринбург (и окрестности)	56.82746400000	60.57838200000
101268	Екатеринославка	50.37231800000	129.10636000000
61094	Елабуга	55.76136200000	52.08161200000
101926	Елань	50.95129500000	43.78720900000
10951	Елец	52.60830300000	38.52043200000
101639	Елизово	53.16528800000	158.40951100000
102130	Ельня	54.57172600000	33.18833000000
101790	Ельшанка	51.81824300000	46.40127600000
101676	Емва	62.57251800000	50.87295700000
100752	Енисейск	58.40647100000	92.19561700000
101624	Ерденево	54.92779900000	36.39518200000
101918	Ерзовка	48.94015400000	44.63344400000
101530	Ермолино	57.09255800000	41.26128400000
101278	Ерофей Павлович	53.96036600000	121.95369700000
101839	Ерунаково	54.00086600000	87.18642900000
101260	Ерцево	60.80087200000	40.08729900000
11035	Ессентуки	44.04808800000	42.86520300000
101349	Ефремов	53.14932000000	38.09961700000
101225	Жаворонки	55.64822000000	37.09318900000
11111	Железноводск	44.13695800000	43.01671600000
60985	Железногорск	56.22356300000	93.53231400000
101499	Железногорск (Курская обл.)	52.35712800000	35.40699200000
101316	Железногорск-Илимский	56.56866000000	104.13293800000
101012	Железнодорожный	55.74151500000	37.99680500000
100803	Жерновка	52.14274700000	45.06996800000
101845	Жестылево	56.40431200000	37.65020000000
101587	Живодовка	54.02206000000	35.21941500000
101093	Животино	56.27370500000	37.47671600000
101784	Жиганск	66.78769300000	123.40891000000
61325	Жигулeвск	53.40000000000	49.50000000000
102008	Жижица	56.28429700000	31.35296800000
101208	Жилево	54.98042400000	38.03561600000
101150	Жудре	53.24279600000	35.29858500000
101555	Жуков	55.02957900000	36.74832000000
100835	Жуковский	55.57064200000	38.13272900000
100898	Жупаново	54.07027800000	159.99629400000
101668	Журавлево	54.77863300000	85.07314100000
100994	Забайкальский край	NULL	NULL
101941	Заборовье	56.79580100000	36.23684800000
101938	Завидово	56.52429600000	36.53678800000
101267	Завитинск	50.11060000000	129.44084800000
101141	Заинск	55.30848800000	52.05698400000
101560	Зайцева Гора	54.48649200000	34.45239000000
101952	Залесье	54.84352100000	21.52463700000
101672	Зама	53.46004600000	107.51587200000
101797	Замошье	54.60023500000	33.16552100000
101486	Заново	53.32709800000	39.84071400000
101595	Занозная	54.36012500000	34.32044400000
130822	Заозерное	45.14936380000	33.41344430000
100804	Заозерье	59.72634300000	28.72332000000
101930	Заокский	54.73376200000	37.39749900000
100764	Западная Сибирь	NULL	NULL
100860	Заповедник «Остров Врангеля»	71.29875100000	-178.51534600000
101298	Запрудня	56.56514300000	37.41637700000
101185	Зарайск	54.75295200000	38.89069400000
101810	Заречный	56.81941200000	61.33996200000
12638	Заречье	59.34746900000	28.62656500000
11429	Заринск	53.70000000000	84.91660000000
101552	Засечное	53.10788000000	45.08191600000
101434	Зауральский	54.78695200000	61.24721800000
101165	Звенигово	55.98046400000	48.02611500000
11491	Звенигород	55.71681600000	36.86499500000
101885	Зебляки	58.37250500000	45.75915500000
101159	Зелёная Поляна	53.60975500000	58.63397100000
101896	Зеленоборск	64.48236800000	55.32121500000
11520	Зеленогорск	60.19732000000	29.69342500000
11521	Зеленоградск	54.97855600000	20.52869000000
101293	Зеленоградский	56.09617100000	37.89898900000
101133	Зеленодольск	55.85827000000	48.51458900000
101801	Зеленокумск	44.40995800000	43.89084700000
101826	Зеленый Мыс	56.08411500000	37.64212000000
101240	Зея	53.72963700000	127.25508500000
101126	Зиборовка	50.37419300000	36.67142400000
101577	Зикеево	53.73597000000	34.88536900000
11584	Златоуст	55.18599100000	59.67793800000
101236	Змеиногорск	51.16623800000	82.18594900000
101549	Знаменка	52.88067500000	35.97546200000
101919	Знаменск	48.58620100000	45.73738400000
101970	Знаменск (Калининград)	54.61453600000	21.22068400000
101791	Знаменский	51.92422900000	55.71944500000
100851	Золотое кольцо (область)	NULL	NULL
101355	Золотухино	52.09105200000	36.40697800000
102124	Зубцов	56.16272000000	34.55965800000
101785	Зырянка	65.74672500000	150.81063200000
100802	Зюзино	45.69496800000	47.61591700000
101436	Зюраткуль	54.93162700000	59.23317300000
101446	Ибреси	55.30099200000	47.03541800000
101055	Ивангород	59.36957900000	28.26254400000
100763	Иванова	57.19720600000	29.65482600000
2581	Иваново	57.01615000000	40.99631200000
101865	Иваново (Ярославская область)	57.23232600000	38.33998500000
100935	Ивановская область	NULL	NULL
100833	Ивантеевка	55.96976000000	37.92716600000
102071	Иволгинск	51.75007600000	107.27660100000
100755	Игарка	67.46875200000	86.71634900000
102144	Игра	57.55527200000	53.05089100000
6707	Ижевск	56.82943100000	53.20644200000
102121	Ижевское	54.54309900000	40.86817800000
101571	Ижморский	56.18945300000	86.63252800000
101686	Избербаш	42.56145000000	47.89906500000
101640	Изборск	57.70650500000	27.85857900000
101514	Известковый	48.97716100000	131.58190000000
101318	Излучинск	60.95714400000	76.89213200000
101615	Износки	54.98938900000	35.31067600000
101800	Изобильный	45.37346900000	41.73701900000
100855	Изумруд	57.07023000000	61.40543600000
101753	Изъяю	65.10142900000	56.99925100000
101297	Икша	56.17003300000	37.51019200000
101475	Илек-Пеньковка	50.76018400000	35.54655300000
101921	Иловля	49.30989200000	44.00818500000
101034	Ильинский	55.62363700000	38.11551400000
101523	Ильинское	54.97557000000	36.18214000000
101087	Ильичево	60.26033800000	29.76404800000
101671	Инжич-Чукун	44.05713800000	41.78620300000
101328	Иноземцево	44.10412300000	43.08917900000
101895	Ираель	64.41136900000	55.21291200000
101805	Ирбит	57.68368300000	63.07045900000
2500	Иркутск	52.29497000000	104.34881300000
100859	Иркутск – Озеро Байкал (район)	NULL	NULL
100934	Иркутская область	NULL	NULL
101404	Иса	51.75943800000	131.02357400000
102028	Искитим	54.63478700000	83.30714500000
100891	Истра	55.90136900000	36.77124900000
101864	Итатский	56.07208000000	89.02975000000
101374	Ищерская	43.72704400000	45.12286600000
41201	Йошкар-Ола	56.62115000000	47.88393100000
102037	Кабаклы	55.25880700000	76.34060100000
100830	Кабардинка	44.62724600000	37.92935200000
100937	Кабардино-Балкарская Республика	NULL	NULL
101752	Каджером	64.68987300000	55.90104000000
101382	Кади-Юрт	43.31757700000	46.30568900000
2944	Казань	55.78938700000	49.09768200000
100756	Казань (и окрестности)	55.78938700000	49.09768200000
101007	Казачий Брод	43.50808900000	39.98459800000
101464	Казачок	51.11738700000	37.90167300000
101831	Калари	52.92141100000	87.55932000000
101736	Калачево	53.79251100000	86.92144500000
2745	Калининград	54.71027000000	20.51091400000
100844	Калининград (субъект РФ)	54.71027000000	20.51091400000
101835	Калтан	53.51914800000	87.28842800000
6095	Калуга	54.53016000000	36.26983500000
100939	Калужская область	NULL	NULL
100902	Калязин	57.23074100000	37.83797800000
102139	Камбарка	56.26838300000	54.21916700000
100822	Каменка (Ленинградская область)	59.59261700000	28.20034700000
101550	Каменка (Пензенская область)	53.18025100000	44.02568500000
101079	Каменномостский	44.28198300000	40.18909800000
100829	Каменогорск	60.98792900000	29.11878600000
101728	Каменоломни	47.66511300000	40.19929500000
12156	Каменск Уральский	56.42567200000	61.96418300000
12157	Каменск-Шахтинский	48.31660000000	40.26660000000
101234	Камень-на-Оби	53.79118400000	81.33671400000
100940	Камчатский край	NULL	NULL
101230	Камызяк	46.11220200000	48.07090700000
12180	Камышин	50.09676200000	45.40763200000
101449	Канаш	55.51278100000	47.47544800000
101541	Кандалакша	67.16637000000	32.39727900000
45167	Канск	56.20000000000	95.70000000000
101638	Кантемирово	55.51931200000	36.36999600000
101768	Кануевка	53.15308000000	49.27111800000
101300	Капустин Яр	48.56096300000	45.81199500000
101866	Карабиха	57.41928300000	35.03400200000
101157	Карагайский	54.12394400000	59.51826200000
101803	Карандеевка	52.28565700000	42.41954400000
101631	Караськово	54.88520100000	36.33997400000
101135	Каратун	55.23280300000	48.39497100000
100941	Карачаево-Черкесская Республика	NULL	NULL
101370	Карачев	53.12447900000	34.98433800000
101381	Каргалинская	43.74598100000	46.47626000000
102030	Каргат	55.21871700000	80.29974400000
101245	Каргополь	61.50642400000	38.94922400000
102101	Кардымово	54.89645000000	32.45086900000
101986	Кариан-Строганово	52.42637500000	41.51981200000
102043	Карсун	54.19333600000	46.99388000000
101431	Карталы	53.05462200000	60.64728500000
101024	Картмазово	55.61454400000	37.39447300000
100876	Каршевитое	48.46864000000	45.25985100000
101698	Касимов	54.92502300000	41.39420800000
101685	Каспийск	42.88526500000	47.66423300000
101352	Касторное	51.81920600000	38.12949000000
101334	Катайск	56.29082500000	62.60305900000
101119	Катунь	51.91467700000	85.85056400000
101345	Кашары	52.48448700000	38.96142200000
102107	Кашин	57.35715900000	37.61509300000
101207	Кашира	54.84126100000	38.17779700000
101722	Каштановка	54.86928800000	20.49342400000
5585	Кемерово	55.34154300000	86.12257000000
100942	Кемеровская область	NULL	NULL
102011	Кемь	64.95136700000	34.58549800000
102029	Керамкомбинат	54.44127100000	83.35741500000
101663	Керки	63.72764900000	54.19474700000
12558	Керчь	45.35450000000	36.46830000000
100909	Кижи	62.05885000000	35.24050300000
101682	Кизляр	43.85663600000	46.71502300000
102147	Кизнер	56.27540900000	51.51509200000
101743	Кийзак	53.72550500000	87.94265000000
102084	Кимры	56.86535800000	37.36924800000
12641	Кинешма	57.44553900000	42.13411200000
102056	Киннерма	61.52959900000	32.83337000000
45236	Киренск	57.77000000000	108.06000000000
102033	Киржинское	55.34330900000	77.96286000000
101769	Кириллинский	53.56421900000	50.31988500000
101542	Кириллов	59.85815100000	38.37699100000
6719	Киров	58.59538900000	49.66665600000
101594	Киров (Калужская область)	54.06934500000	34.31402900000
61173	Кирово-Чепецк	58.54994300000	50.04158100000
60879	Кировск	67.60005300000	33.74087100000
100946	Кировская область	NULL	NULL
101983	Кирсанов	52.65583000000	42.71637100000
101445	Киря	55.08332100000	46.86216000000
101844	Киселевск	53.99875900000	86.64819300000
12700	Кисловодск	43.91651900000	42.76684600000
101363	Клетня	53.39263100000	33.20944900000
101359	Климово	52.37187300000	32.19637800000
101223	Климовск	55.36295700000	37.52881700000
101358	Клинцы	52.75745400000	32.23184600000
101425	Ковали	53.84519200000	124.20947700000
12827	Ковров	56.36312900000	41.32801500000
101982	Ковылка	52.64815600000	42.38308200000
40843	Когалым	62.26660000000	74.48330000000
101757	Кожым	65.74816000000	59.64556300000
101559	Козельск	54.03786500000	35.77883600000
101331	Козловка	55.83889500000	48.23625400000
100900	Козыревск	56.05033100000	159.94217800000
73499	Коктебель	44.95000000000	35.25000000000
101943	Колесниково	56.77824100000	35.96406900000
101678	Кологрив	58.83274600000	44.30876900000
12946	Коломна	55.08195300000	38.79402200000
101978	Колосовка	54.80185700000	20.30333000000
100836	Колпино	59.76438200000	30.57562300000
102017	Колышлей	52.69410400000	44.53003300000
101373	Комаричи	52.40887500000	34.79521200000
101955	Комсомольск	54.62735000000	20.75629300000
1503	Комсомольск-на-Амуре	50.49591700000	136.92572300000
101939	Конаково	56.70837500000	36.78996900000
13030	Кондопога	62.19940500000	34.27414100000
101617	Кондрово	54.78638200000	35.92426600000
101202	Конобеево	55.40277700000	38.66358200000
101244	Коноша	60.98916700000	40.25110200000
102122	Константиново	54.86554900000	39.60086900000
101346	Копцевы Хутора	52.67849700000	39.45658300000
102079	Копылово	56.58386900000	85.12356800000
101700	Кораблино	53.92009900000	40.03566800000
73513	Кореиз	44.43330000000	34.08330000000
100887	Коробово	55.53365500000	37.82213700000
100870	Королев	55.92620800000	37.87270000000
102072	Коротчаево	65.92100300000	78.07651000000
101932	Короцко	57.94043300000	33.25203200000
101763	Корсаков	46.63160200000	142.79851900000
61431	Коряжма	61.30000000000	47.16666700000
101696	Косалма	62.02441500000	34.12120400000
101726	Космынино	57.58564900000	40.77216900000
102059	Костёнки	51.39602800000	39.04421500000
13203	Костомукша	64.58330000000	30.60000000000
2825	Кострома	57.78636100000	40.95299700000
100948	Костромская область	NULL	NULL
101047	Косулино	56.73459100000	60.98670500000
101900	Косью	65.61893200000	58.96671400000
101465	Котел	51.23132300000	37.90657500000
101920	Котельниково	47.64438700000	43.13375100000
101563	Котельнич	58.30898000000	48.33770800000
13231	Котлас	61.24897700000	46.68312400000
101256	Кохма	56.91558600000	41.11837100000
101903	Кочмес	66.17980000000	60.77956600000
102024	Кравково	53.88296600000	46.10535700000
101039	Красная Горка	55.99053500000	37.52601400000
60840	Красная Поляна	43.67160900000	40.19682500000
100874	Красноармейск	56.09608500000	38.09037500000
101242	Красноборск	61.55515000000	45.95096800000
100778	Красногорск	55.81650900000	37.29473500000
2874	Краснодар	45.03463900000	38.97319400000
100949	Краснодарский край	NULL	NULL
101128	Красное	50.53786400000	36.47103500000
101867	Красное (Ярославская область)	58.63540900000	39.25471100000
101802	Краснореченское	48.35703800000	135.00314300000
100861	Красноселькуп	65.71314800000	82.46558400000
13382	Краснотурьинск	59.77330000000	60.18520000000
13388	Красноярск	55.98475600000	92.91208400000
100950	Красноярский край	NULL	NULL
101111	Красные Баки	57.12251000000	45.16051900000
101859	Красные Орлы	56.16930900000	87.23827000000
101323	Красные Ткачи	57.50072300000	39.75539600000
101732	Красный Колос	47.40086100000	39.94304800000
102158	Красный курган	45.01467800000	37.34574800000
101347	Красный Луч	52.08985800000	37.77221600000
101984	Красный Сулин	47.88886300000	40.07510500000
102106	Красный Холм	58.06720900000	37.12824400000
101842	Красулино	54.05438900000	87.01424000000
101635	Кременки	54.38550600000	37.12072400000
101053	Кронштадт	59.99799300000	29.74696600000
101438	Кропачево	55.00904100000	57.98755100000
13488	Кропоткин	45.43330000000	40.56660000000
101142	Круглое Поле	55.63982100000	52.17179100000
13522	Крым	45.30780050000	34.56300750000
100834	Крюково	55.97444400000	37.19195600000
101868	Крюшкино	57.56949300000	38.47271200000
101145	Кубинка	55.56932000000	36.72764500000
102044	Кувандык	51.47769700000	57.35653700000
101281	Кувыкта	55.19289600000	124.21476300000
101163	Кугеси	56.03005500000	47.30168000000
101584	Кудрино	54.25160000000	35.55434300000
101536	Кудряшевский	55.09288000000	82.76773400000
101650	Кузель	56.01383200000	85.54292200000
102019	Кузнецк	53.11351700000	46.59691000000
101098	Кузнецово	55.50171700000	38.33692300000
61067	Куйбышев	55.45027800000	78.30750000000
101130	Кукмор	56.18583600000	50.89281900000
101134	Куланга	55.46171700000	48.42673300000
101725	Куликово	54.93092000000	20.32586400000
102045	Кумертау	52.75632800000	55.78309600000
101049	Кунгурка	56.64576800000	60.23874800000
101387	Кундур	49.10246300000	130.76046100000
100779	Кунцево	58.83481500000	34.77545800000
101647	Куня	56.29259600000	30.98895200000
101017	Купчинино	55.25614000000	37.84116600000
41677	Курган	55.42343300000	65.37789800000
101139	Курганинск	44.90103000000	40.57482800000
100951	Курганская область	NULL	NULL
101838	Курегеш	53.90616700000	87.47122800000
101173	Курма	53.18244300000	106.96631600000
101092	Курово	56.27556800000	37.56456700000
101289	Куровское	55.57910200000	38.93214700000
4710	Курск	51.73428200000	36.16479400000
100952	Курская область	NULL	NULL
101333	Куртамыш	54.90064400000	64.38053700000
100877	Курумоч	53.47805300000	50.07373700000
101353	Кшенский	51.85087600000	37.70625400000
42008	Кызыл	51.71873300000	94.42627200000
13863	Кыштым	55.71571800000	60.53793000000
101077	Лабинск	44.62875300000	40.74659800000
101827	Лабытнанги	66.64834400000	66.46873100000
101500	Лабышка	55.46374300000	49.00709700000
101517	Лагар-Аул	49.00113700000	131.24263200000
101975	Ладушкин	54.57349500000	20.16049300000
44016	Лазаревское	43.90994300000	39.33675900000
101308	Лаишево	55.39898800000	49.53246900000
101089	Ламишино	56.01181900000	36.81372800000
100886	Лапшинка	55.61450900000	37.31676100000
101282	Ларба	55.50149100000	123.11913200000
101035	Ларёво	56.10361200000	37.52440900000
101062	Ласкино	54.64844000000	20.44611200000
69554	Лахденпохья	61.51666700000	30.20000000000
100780	Лахта	66.98281300000	41.15371700000
101271	Ледяная	51.74468200000	128.07427100000
100843	Ленинградская область	NULL	NULL
100781	Ленино	52.89123300000	156.91094200000
101137	Лениногорск	54.59061700000	52.46903400000
101812	Ленинский	54.38009300000	48.55305800000
14037	Ленинск-Кузнецкий	54.64827200000	86.18271600000
101317	Леонтьево	56.20588800000	40.85453900000
101327	Лермонтов	44.10152200000	42.95695500000
101675	Лермонтово	52.99388600000	43.67777900000
101063	Лесной	55.01611600000	20.61002200000
101084	Лесогорский	61.04005200000	28.92382800000
14090	Лесозаводск	45.47541500000	133.41276700000
100867	Лещичево	56.05485700000	36.81620100000
101457	Ливенка	50.44487100000	38.29471800000
101348	Ливны	52.42193700000	37.59522600000
101181	Ликино-Дулево	55.70567300000	38.97892000000
101228	Лиман	45.78158800000	47.23032600000
6133	Липецк	52.60189800000	39.62374700000
100953	Липецкая область	NULL	NULL
100837	Лисий Нос	60.01524800000	30.00912100000
60325	Листвянка	51.83390400000	104.90602700000
101651	Литвиново (Кемеровская область)	55.84160900000	85.35515000000
101825	Литвиново (Московская область)	56.01497000000	38.13319100000
102125	Лихославль	57.12845000000	35.46363000000
14216	Лобня	56.01527500000	37.45295600000
101649	Локня	56.82460600000	30.15817400000
101052	Ломоносов	59.90330600000	29.74435000000
101247	Ломоносово	64.22457600000	41.71859600000
101512	Лондоко	49.02252500000	132.00061800000
14270	Лоо	43.70856500000	39.59489900000
101730	Лопарево	58.33825400000	42.67316400000
101414	Лопча	55.77531300000	122.76729600000
102012	Лоухи	66.07057500000	33.03903200000
101222	Луговая	56.05263500000	37.50201400000
101840	Лужба	53.66237200000	88.87982400000
101088	Лужки	60.27408400000	28.99539700000
101025	Лукино	55.50746200000	37.85513000000
101543	Лумиваара	61.43971100000	30.14915700000
101255	Лунево	57.54492800000	41.10652400000
101199	Луховицы	54.96706100000	39.05637300000
101614	Лучегорск	46.46281800000	134.20981600000
61270	Лысково	56.07501300000	45.07455500000
100782	Лыткарино	55.57779200000	37.92219400000
101351	Льгов	51.64548000000	35.29216000000
100783	Люберцы	55.67431000000	37.94747100000
100784	Люблино	57.36470900000	31.36273700000
101979	Люблино (Калининград)	54.73743300000	20.29815800000
102148	Люга	56.42988600000	51.94812900000
101578	Людиново	53.86266200000	34.44936400000
102143	Люкшудья	56.96427000000	53.01298700000
2111	Магадан	59.55337400000	150.76483400000
100954	Магаданская область	NULL	NULL
101153	Магас	43.18697000000	44.85050200000
101275	Магдагачи	53.44815900000	125.82723400000
1571	Магнитогорск	53.39991300000	59.08521800000
101421	Мадалан	54.06622200000	123.41134100000
14494	Майкоп	44.59674900000	40.10570800000
101773	Майя	61.73991800000	130.30311200000
100785	Макино	60.28663500000	38.07153100000
100999	Макопсе	43.99127500000	39.21707800000
101179	Максимиха	53.26308800000	108.74586300000
101340	Макушино	55.22939500000	67.30199000000
100786	Малаховка	55.64307900000	38.02053500000
102132	Малгобек	43.50617200000	44.59067000000
101834	Малиновка	53.40996200000	87.27872500000
101912	Малиновка (Калининград)	54.95003100000	20.44002100000
101502	Малки	53.32567200000	157.50910700000
102050	Малояз	55.18105400000	58.16522200000
14578	Малоярославец	55.01172700000	36.53137800000
101221	Малышево	55.49282700000	38.35773600000
101913	Мамоново	54.46368400000	19.94036800000
101120	Манжерок	51.82842000000	85.78020300000
101884	Мантурово	58.33578500000	44.76662300000
101285	Маревая	55.31390600000	125.89293400000
101572	Мариинск	56.20839700000	87.73984600000
101332	Мариинский Посад	56.10577100000	47.72472300000
101869	Марково	59.06419400000	40.17377500000
101127	Маслова пристань	50.45221700000	36.74098900000
101551	Мастиновка	53.27547600000	44.81187600000
101718	Матросы	61.78315300000	33.81309100000
41263	Махачкала	42.98613400000	47.51211500000
101880	Махрово	58.42797900000	41.69229600000
102007	Медведевка	54.80320700000	20.52099400000
100767	Медведково	57.65461100000	35.48126200000
101074	Медведовская	45.46122000000	39.03132500000
61330	Медвежьегорск	62.91835000000	34.45737200000
101033	Медвежьи Озера	55.86617000000	37.99229600000
101746	Междуреченск	53.68960700000	88.07236600000
101959	Междуречье	54.62766900000	21.52782700000
101889	Межег	62.09213700000	49.42588400000
101877	Меза	57.81290000000	41.40847600000
14825	Мелеуз	52.96678900000	55.94301800000
101931	Мельница	58.25688300000	33.27865600000
101310	Менделеевск	55.89461400000	52.31401200000
101848	Мереть	54.50225400000	86.31686100000
14887	Миасс	55.05388800000	60.11953700000
100838	Миголоски	58.83289200000	34.24560000000
101664	Микунь	62.36396400000	50.07288900000
100875	Миллерово	48.93231700000	40.39443400000
101596	Милятинский Завод	54.48703200000	34.30033800000
1320	Минеральные Воды	44.20504200000	43.17074500000
14935	Минусинск	53.71061900000	91.71888800000
41759	Мирный	62.52569900000	113.87583200000
100788	Мисайлово	55.56253300000	37.81524700000
101702	Михайлов	54.24350100000	39.04139900000
101923	Михайловка (Волгоградская область)	50.06522200000	43.24511800000
101633	Михайловка (Калужская область)	55.04350300000	36.78682500000
101321	Михайловское (Костромская область)	57.89184000000	41.37982200000
100787	Михайловское (Псковская область)	56.24437600000	31.34010600000
101211	Михнево	55.12071600000	37.95850200000
101037	Мичуринец	55.97982500000	37.51780900000
101995	Мичуринск	52.89228000000	40.48444900000
101336	Мишкино	55.34385000000	63.94111400000
101411	Могот	55.60357500000	124.91765800000
102149	Можга	56.44498900000	52.20478700000
101690	Моздок	43.72351100000	44.70835900000
102052	Мокшан	53.43920700000	44.62066300000
102154	Мокшино	56.58947100000	36.52080800000
101036	Молоково	55.56268200000	37.86258500000
101794	Монастырщина	54.33860000000	31.90790700000
67842	Монастырь	43.59371100000	40.00502200000
101147	Монино	55.83969800000	38.19242400000
15066	Мончегорск	67.92854700000	32.89442100000
101712	Мордвес	54.57273500000	38.27329600000
101537	Морозово	54.76823800000	83.21592800000
101058	Морское	55.22557700000	20.89579700000
18054	Мосальск	54.49141800000	34.99585100000
6733	Москва	55.75680000000	37.61520000000
100765	Москва (и окрестности)	55.75680000000	37.61520000000
100957	Московская область	NULL	NULL
102102	Мстёра	56.38966300000	41.91783900000
101739	Мундыбаш	53.20771700000	87.29643600000
61319	Муравленко	63.79444400000	74.49722200000
100789	Мурино	51.47530100000	104.37970300000
1249	Мурманск	68.96720700000	33.15900600000
100958	Мурманская область	NULL	NULL
15217	Муром	55.56382100000	42.01802500000
101723	Муромское	54.89539800000	20.48815100000
101279	Муртыгит	54.43437100000	123.86875900000
101272	Мухино	52.27204600000	127.20690500000
101991	Мучкапксий	51.84709800000	42.48152400000
101674	Мценск	53.27735100000	36.58297800000
100862	Мыс Каменный	68.46720000000	73.56903500000
101669	Мыски	53.71976600000	87.79675100000
100790	Мытищи	55.91966900000	37.72036900000
101914	Мышкин	57.79388800000	38.47721200000
101080	Мяглово	59.89176200000	30.68982600000
101616	Мятлево	54.88676200000	35.68153000000
101491	Набережное	51.97279300000	38.11264000000
1453	Набережные Челны	55.70686200000	52.34992700000
101109	Навашино	55.54157200000	42.19580600000
101369	Навля	52.82652900000	34.48570000000
101602	Надеждинское	43.37201100000	131.98763000000
40461	Надым	65.51367700000	72.56748800000
15332	Назрань	43.22308800000	44.81503700000
2300	Нальчик	43.44311200000	43.55229900000
101774	Намцы	62.72430100000	129.69926100000
102051	Наровчат	53.87629000000	43.69687000000
40503	Наро-Фоминск	55.37605200000	36.74655100000
6193	Нарьян-Мар	67.64553600000	53.06480000000
101456	Насонова	50.25474300000	38.22783700000
101478	Наумовка	50.40575800000	36.32453100000
100827	Нахабино	55.85304400000	37.20028400000
15390	Находка	42.78648600000	132.87843400000
101003	Небуг	44.17302300000	39.00331600000
101424	Невер	53.97730700000	124.16248500000
44673	Невинномысск	44.63741800000	41.94315900000
15416	Невьянск	57.49853000000	60.21868100000
101993	Негвидовка	47.27562400000	39.36027500000
101104	Некрасово	54.90318300000	20.66844600000
101299	Некрасовский	56.08326600000	37.50053200000
100846	Неман	55.01743500000	21.97754200000
100791	Немчиновка	52.70697300000	44.68002000000
101030	Немчиновка (Московская область)	55.71787100000	37.35913100000
100959	Ненецкий автономный округ	NULL	NULL
101252	Нерехта	57.46148700000	40.57752700000
15477	Нерюнгри	56.66325300000	124.68125800000
101967	Нестеров	54.63007300000	22.57636000000
101152	Нетьинка	53.36328500000	34.19501500000
41194	Нефтекамск	56.09618500000	54.26431100000
1644	Нефтеюганск	61.07817700000	72.58942300000
101883	Нея	58.28074700000	43.88665500000
101972	Нивенское	54.58309200000	20.56741000000
100960	Нижегородская область	NULL	NULL
1496	Нижневартовск	60.90212700000	76.58984700000
101008	Нижнее Орехово	43.70762500000	39.77569200000
101770	Нижнее Санчелеево	53.67795100000	49.43237900000
15515	Нижнекамск	55.63197800000	51.80638400000
101313	Нижнеудинск	54.89965200000	99.03740500000
101050	Нижние Серги	56.64948700000	59.30046800000
101574	Нижний Архыз	43.67024100000	41.46551300000
102066	Нижний Ломов	53.53198200000	43.69295300000
2180	Нижний Новгород	56.32653200000	44.00530500000
100753	Нижний Новгород (и окрестности)	56.32653200000	44.00530500000
15526	Нижний Тагил	57.93758200000	60.04432000000
15531	Нижняя Тура	58.62083000000	59.84770000000
101396	Низина	50.85210200000	128.37254500000
100854	Никола (Иркутская область)	51.89332700000	104.88869200000
101870	Никола (Ярославская область)	58.23751600000	38.12110600000
101628	Николаевка	48.55009300000	134.77197500000
101644	Николаенко	44.41025800000	39.67720400000
101522	Никола-Ленивец	54.75004500000	35.63710300000
101881	Николо-Полома	58.34402600000	43.39956200000
101042	Николо-Урюпино	55.80188000000	37.21164100000
100792	Николо-Хованское	55.59704100000	37.44866500000
100820	Никольское	59.51111800000	34.92684800000
100819	Никулино	56.58025900000	42.75490100000
100818	Новая Деревня	63.10011200000	41.09429400000
101013	Новая Купавна	55.81226400000	38.11039000000
102160	Новая Салынь	53.57835200000	33.58317600000
101046	Новая Тура	55.86703900000	48.84131800000
60893	Новгород	58.52225300000	31.29801200000
100962	Новгородская область	NULL	NULL
100817	Новинки	64.05486400000	41.66509600000
101160	Новоабзаково	53.81079400000	58.64980700000
101787	Новоалександровка	51.22956600000	44.62284200000
101764	Новоалександровск	47.05598000000	142.71997900000
101534	Новоалтайск	53.40216400000	83.93732200000
101924	Новоаннинский	50.52557200000	42.67493300000
100793	Новоархангельское	52.91455800000	54.87981700000
102018	Новодемкино	52.81942900000	44.73319400000
102127	Новодугино	55.63083000000	34.30065700000
102136	Новое	56.60427800000	38.63759800000
101357	Новозыбков	52.53058400000	31.94443000000
6196	Новокузнецк	53.81302700000	87.16702800000
15687	Новокуйбышевск	53.10000000000	49.91660000000
101936	Новомелково	56.67573400000	36.40412300000
100913	Новомихайловский	44.23848600000	38.81657700000
15695	Новомосковск	54.05072800000	38.24359900000
101925	Новониколаевский	50.96848500000	42.36724500000
101996	Новоникольское	52.83233600000	40.40513700000
41730	Новороссийск	44.71029400000	37.76324700000
101060	Новосёлово	54.46143200000	20.13815700000
1706	Новосибирск	55.03008800000	82.92050600000
100963	Новосибирская область	NULL	NULL
101646	Новосокольники	56.33858700000	30.15129100000
101377	Новотерское	43.60739800000	45.57500600000
15744	Новотроицк	51.20318600000	58.32847300000
45177	Новоуральск	57.24599800000	60.08340900000
101821	Новохоперск	51.09892000000	41.65735800000
101164	Новочебоксарск	56.11775700000	47.49760500000
101744	Новочеркасск	47.44883500000	40.07496200000
101750	Новошахтинск	47.78541400000	39.92126500000
102162	Новые Батеки	54.78993500000	31.84736200000
101462	Новый Оскол	50.76270000000	37.87877600000
6204	Новый Уренгой	66.03886300000	76.59952600000
101168	Новый Энхалук	52.48461700000	106.97422800000
15785	Ногинск	55.86183600000	38.47478500000
101762	Ноглики	51.79642900000	143.14074600000
101882	Номжа	58.30758700000	43.57387500000
6199	Норильск	69.28402700000	88.24823000000
1645	Ноябрьск	63.17559700000	75.59474000000
101901	Нюр	66.07561200000	60.47532800000
101775	Нюрба	63.28518600000	118.37525900000
15827	Нягань	62.13330000000	65.38330000000
61157	Нязепетровск	56.05000000000	59.60000000000
101261	Няндома	61.66974100000	40.22152800000
101515	Облучье	49.00739800000	131.08028500000
15856	Обнинск	55.12158000000	36.61373300000
101306	Обозёрская	63.45474200000	40.31253300000
101364	Овстуг	53.37583200000	33.88064600000
101407	Огорон	53.96023300000	129.14439700000
100910	Одинцово	55.67849100000	37.27648900000
101205	Ожерелье	54.78998300000	38.27684700000
101689	Озагир	43.05965200000	44.25659200000
100816	Озерки	53.64683500000	83.72775200000
101956	Озерки (Калининград)	54.62891400000	20.89426800000
100911	Озерновский	51.47921300000	156.57075600000
102035	Озеро Карачинское	55.33593500000	76.95723800000
101713	Озёры	54.85284200000	38.56180200000
42101	Октябрьский	61.08949600000	43.15828500000
101196	Октябрьский (Башкортостан)	54.47146800000	53.50300200000
101026	Октябрьский (Москва)	55.61035100000	37.97872700000
101496	Ола	59.57930000000	151.27794200000
101545	Оларево	59.36301500000	40.06293500000
101506	Олгохта	48.60791600000	134.16899200000
101609	Оленевод	43.58943300000	131.85769800000
16006	Олонец	60.98554700000	32.98382700000
100873	Ольгинка	44.20815400000	38.88456400000
1640	Омск	54.96563400000	73.44802200000
100964	Омская область	NULL	NULL
101246	Онега	63.91419600000	38.10050600000
101520	Оптина Пустынь	54.05412100000	35.84099600000
101229	Оранжереи	45.84574300000	47.55739500000
41696	Орел	52.96989300000	36.06103900000
6286	Оренбург	51.76440200000	55.12718600000
100965	Оренбургская область	NULL	NULL
16167	Орехово-Зуево	55.79340500000	38.97804400000
100890	Орловка	54.79085100000	20.53334000000
100966	Орловская область	NULL	NULL
101965	Оросительный	53.58575600000	91.05327300000
41015	Орск	51.20056700000	58.60783300000
101566	Осинники	53.60681500000	87.33414200000
101833	Осман	53.28283700000	87.21013400000
100901	Осташков	57.15131600000	33.07052600000
100794	Остров	57.34440300000	28.34297800000
101819	Острогожск	50.87312900000	39.08632000000
101973	Отважное	54.61655400000	20.55251300000
102112	Отрадный	53.35744300000	51.39828200000
102116	Оха	53.58964000000	142.95457600000
101661	Ошпер	66.27914800000	61.07798300000
101597	Павлиново	54.48456100000	33.75013500000
101056	Павловск	59.68841400000	30.45381000000
101182	Павловский Посад	55.76447400000	38.72678300000
101250	Павловское	56.93508700000	39.25275600000
101754	Павло-Очаково	47.02224800000	39.07908900000
101853	Падунская	55.03254200000	85.03753900000
101579	Палики	53.84543000000	34.98140200000
101554	Папино	55.21322100000	36.95725500000
101610	Партизан	43.69443900000	131.94987300000
101599	Партизанск	43.11215800000	133.13694900000
101175	Патроны	52.16796200000	104.47437600000
102026	Пачелма	53.33599400000	43.30619700000
100757	Певек	69.68192700000	170.40659800000
3425	Пенза	53.19492000000	45.01317000000
100967	Пензенская область	NULL	NULL
101999	Первомайский	53.25212000000	40.27802400000
100879	Первомайское	55.53257100000	37.18784700000
16554	Первоуральск	56.90678000000	59.96076600000
101729	Первушино	58.03570800000	41.95126500000
101771	Переволоки	53.24865900000	49.17502100000
60897	Переславль-Залесский	56.74469800000	38.83364200000
101977	Переславское	54.81813400000	20.27406500000
101073	Пересыпь	45.34335800000	37.13046400000
100968	Пермский край	NULL	NULL
3414	Пермь	57.99714300000	56.19384100000
100795	Перово	59.99539500000	40.88759100000
101201	Пески	55.21403500000	38.77135000000
100815	Песочный (Костромская область)	58.93520500000	46.69877400000
101086	Песочный (Санкт-Петербург)	60.12284800000	30.15701200000
101466	Песчанка	51.30839300000	37.72611600000
100857	Петергоф	59.87684800000	29.91599200000
101950	Петино	54.83933500000	21.27543900000
100882	Петрово-Дальнее	55.75263500000	37.17892100000
101874	Петровск-Забайкальский	51.27904900000	108.84704500000
101525	Петровский	56.64233900000	40.31516600000
101997	Петровское (Тамбовская область)	52.62643000000	40.24673900000
100814	Петровское (Тверская область)	56.84837600000	30.89953300000
3422	Петрозаводск	61.77171500000	34.37973900000
3468	Петропавловск-Камчатский	53.02287500000	158.66158000000
101906	Петрунь	66.33076400000	61.21277700000
101341	Петухово	55.08688300000	67.95438600000
101898	Печора	65.15162400000	57.21447000000
101641	Печоры	57.81425700000	27.61172600000
101630	Пешково	54.91834500000	36.26895700000
102163	Пилички	54.94529700000	31.58611300000
101248	Пинега	64.69045000000	43.38515200000
101061	Пионерский	54.95397700000	20.22997600000
101540	Пиренга	67.55574300000	32.31150100000
101022	Пирогово	55.98401900000	37.73083400000
101481	Плавица	52.24277700000	40.34669100000
102083	Плавск	53.69900600000	37.30741900000
101981	Платоновка	52.71484300000	41.95732400000
16780	Плёс	57.45587900000	41.50409600000
101263	Плесецк	62.71128600000	40.28822300000
101097	Плешково	56.98932100000	37.44606800000
101852	Плотниково	55.02733400000	85.95059500000
101220	Поварово	56.07908100000	37.06050700000
100912	Поведники	55.97066200000	37.61000700000
101934	Поддубки	56.91643400000	35.58841100000
102096	Подолец	56.68995400000	39.81412600000
16892	Подольск	55.42367600000	37.53101200000
101394	Поздеевка	50.58810900000	128.89000000000
101814	Покров	55.90629200000	39.19502200000
101777	Покровск	61.48383000000	129.17610300000
100813	Покровское	47.39646000000	38.90860000000
101553	Полазна	58.29145200000	56.36458200000
101888	Полдневица	58.61173200000	46.61466800000
101059	Полесск	54.86095000000	21.11602600000
101619	Полотняный Завод	54.73447700000	35.99647700000
100758	Полярный	71.17299000000	149.44292800000
101548	Помары	55.96392200000	48.42165300000
101731	Поназырево	58.35355400000	46.32956100000
101484	Поныри	52.33292000000	36.29709100000
17031	Поповка	45.29627000000	33.03617090000
102115	Поронайск	49.23046500000	143.10296800000
102062	Порхов	57.76671400000	29.56753200000
102119	Похвистнево	53.64605100000	52.12642900000
101362	Почеп	52.91249600000	33.46239100000
102110	Починок	54.40644400000	32.44263700000
101704	Пощупово	54.82834500000	39.74064800000
101102	Правдинск	54.44563200000	21.02357500000
102094	Пржевальское	55.50805300000	31.83903500000
101503	Приамурская	48.51977700000	134.90514300000
101724	Прибой	54.93978400000	20.39773100000
101210	Привалово	55.17031900000	37.93204500000
101398	Призейская	50.51237500000	127.65255400000
101861	Приметкино	56.20251900000	87.90610600000
101720	Приморск	54.73682000000	20.01415200000
100969	Приморский край	NULL	NULL
101096	Прислон	56.79520500000	37.26609300000
101480	Провидения	64.44813200000	-173.20286700000
101567	Прокопьевск	53.86701100000	86.73818800000
101473	Пролетарский	50.79862400000	35.77893400000
101851	Промышленная	54.91458800000	85.64604400000
101187	Протвино	54.87174000000	37.22952600000
101518	Прохладный	43.75678100000	44.02564400000
101148	Прохоровка	51.02522900000	36.72297200000
101078	Псебай	44.10614000000	40.78394100000
3477	Псков	57.77782200000	28.36803200000
100970	Псковская область	NULL	NULL
102141	Пугачево	56.60621400000	53.07937600000
101417	Пурикан	54.57014700000	123.81305200000
100796	Путилково	55.87327700000	37.37140900000
101957	Пушкарево	54.61821600000	21.36998300000
100866	Пушкин	59.71213700000	30.39164800000
101015	Пушкино	56.01284600000	37.82842700000
102061	Пушкинские Горы	57.02611000000	28.93664000000
101928	Пущино	54.83419600000	37.60940700000
102150	Пычас	56.50050000000	52.44412400000
17442	Пятигорск	44.04885300000	43.07445800000
102135	Пятиморск	48.64076000000	43.59964400000
101620	Пятовский	54.69035500000	36.06217100000
100759	Радужный	62.10149200000	77.44635100000
101605	Раздольное	43.53759000000	131.92332700000
101393	Райчихинск	49.79133800000	129.41029000000
100770	Раменки	56.76443400000	34.18603500000
100892	Раменское	55.56025100000	38.21909700000
100850	Рамонь	51.91050300000	39.28838900000
101850	Раскатиха	54.79913200000	86.13658800000
101023	Рассказовка	55.63054300000	37.32614300000
101807	Рассоха	56.70881000000	61.02399400000
101634	Рассудово	54.42210900000	35.87979700000
101390	Рачи	49.26953400000	130.36241100000
101051	Реж	57.37020500000	61.38813900000
100839	Репино	60.16613700000	29.85396800000
100919	Республика Адыгея	NULL	NULL
100921	Республика Алтай	NULL	NULL
100925	Республика Башкортостан	NULL	NULL
100928	Республика Бурятия	NULL	NULL
100932	Республика Дагестан	NULL	NULL
100933	Республика Ингушетия	NULL	NULL
100938	Республика Калмыкия	NULL	NULL
49196	Республика Карелия	0.00000000000	0.00000000000
100947	Республика Коми	NULL	NULL
100955	Республика Марий Эл	NULL	NULL
100956	Республика Мордовия	NULL	NULL
100973	Республика Саха	NULL	NULL
100961	Республика Северная Осетия-Алания	NULL	NULL
100980	Республика Татарстан	NULL	NULL
100983	Республика Тува	NULL	NULL
100986	Республика Удмуртия	NULL	NULL
100797	Реутов	55.76321300000	37.86407200000
101989	Ржакса	52.13717000000	42.03128000000
102104	Ржев	56.25796000000	34.33901200000
101963	Ржевское	55.07732700000	21.76696800000
102105	Рогожа	57.09684000000	33.27373100000
101622	Родинка	54.76973300000	36.26990600000
101637	Родионовка	55.02721800000	37.42658900000
102034	Рождественка	55.36995100000	77.48477400000
100889	Рождественно	56.09213600000	36.75844900000
101099	Рождествено	55.71805800000	37.27831200000
102005	Романово	54.89350500000	20.26226200000
101760	Романовская	47.54028000000	42.02006900000
100869	Ромашково	55.73660600000	37.34230500000
17799	Рославль	53.95583800000	32.88117600000
101667	Россолово	58.41530900000	42.02437300000
17814	Ростов	57.19421100000	39.40253400000
3977	Ростов-на-Дону	47.23607400000	39.69676600000
100971	Ростовская область	NULL	NULL
100883	Рощино	60.27063600000	29.61978900000
101788	Ртищево	52.26376900000	43.79616300000
17837	Рубцовск	51.52122500000	81.20042700000
102092	Рудня	54.94708600000	31.08556900000
101191	Руза	55.68900500000	36.21150100000
17867	Рузаевка	54.06800000000	44.95662600000
100880	Румянцево	55.63887500000	37.44628900000
102054	Рускеала	61.93615200000	30.58193200000
102156	Русский	43.03304700000	131.83838800000
100812	Рыбацкая	60.67532300000	38.83480500000
17902	Рыбинск	58.04611400000	38.72728700000
101749	Рыбница	64.55388000000	55.48353900000
102006	Рябиновка	54.82764500000	20.50717700000
101706	Ряжск	53.70199900000	40.13989500000
100972	Рязанская область	1.00000000000	1.00000000000
6310	Рязань	54.61301700000	39.72376500000
100811	Сабурово	52.67156100000	36.90260000000
101307	Савино	55.72763000000	48.72503400000
101526	Савино (Ивановская обл.)	56.58836300000	41.22845500000
101538	Садовый	55.13726100000	82.95012400000
101469	Сажное	50.83674700000	36.63357000000
41547	Саки	45.13360000000	33.57720000000
18029	Салават	53.37066300000	55.93582900000
40470	Салехард	66.53870900000	66.64694700000
2908	Самара	53.29517200000	50.18108800000
100975	Самарская область	NULL	NULL
101808	Самоцвет	57.61035400000	61.79237300000
101213	Сандарово	55.25947500000	37.45131100000
3005	Санкт-Петербург	59.93905000000	30.31580000000
100826	Санкт-Петербург (и окрестности)	59.93905000000	30.31580000000
101561	Санчурск	56.94410000000	47.25012000000
101708	Сапожок	53.94595600000	40.70709800000
6330	Саранск	54.18970800000	45.18535200000
102099	Сарапул	56.46389500000	53.80327500000
3999	Саратов	51.55177300000	45.97550600000
100976	Саратовская область	52.00000000000	46.00000000000
101737	Сарбала	53.46350100000	87.30950200000
101172	Сарма	53.07558400000	106.79681400000
61165	Саров	54.93333300000	43.31666700000
102133	Сарыг-Сеп	51.49937500000	95.56983700000
18156	Сасово	54.33461600000	41.93897200000
101987	Сатинка	52.38221300000	41.67019600000
18161	Сатка	55.04165200000	59.03952700000
101795	Сафоново	55.11052700000	33.25665200000
100974	Сахалинская область	NULL	NULL
101171	Сахюрта	53.02047200000	106.88347600000
101054	Сашино	59.85186300000	29.87499300000
60459	Саяногорск	53.09070200000	91.40474100000
100978	Свердловская область	NULL	NULL
18207	Светлогорск	54.94350100000	20.15347700000
102134	Светлоград	45.34459500000	42.83497500000
101974	Светлое	54.57279400000	20.36339500000
101910	Светлый Яр	48.47097600000	44.76795800000
101085	Светогорск	61.10956900000	28.85710000000
101350	Свобода (Курская область)	51.95158400000	36.38143100000
101992	Свобода (Тамбовская область)	52.82957200000	41.00432600000
101270	Свободный	51.38243400000	128.14235400000
101645	Себеж	56.28807100000	28.46787800000
6449	Севастополь	44.60000000000	33.53330000000
18258	Северодвинск	64.56653300000	39.83054200000
100847	Северо-Западная Россия	NULL	NULL
102000	Северск	56.62346700000	84.85183600000
100906	Сегежа	63.73182200000	34.39548400000
101908	Сейда	67.05526600000	63.08220700000
101494	Сеймчан	62.91315000000	152.38782600000
15415	Селезневский	52.81754700000	41.16151600000
101232	Селитренное	47.17197600000	47.45710900000
101872	Селково	56.59119600000	38.17312300000
101224	Селятино	55.51815500000	36.96499400000
102042	Семикараковск	47.51989700000	40.79520700000
101927	Семилужки	56.61087000000	85.37417900000
101509	Семисточный	48.95751700000	132.57818600000
101699	Сенная Губа	61.99007000000	35.23634700000
101608	Сенокосное	43.48940700000	131.79634900000
18384	Сергиев Посад	56.31466800000	38.14425600000
102015	Сердобск	52.45190200000	44.22082900000
18407	Серов	59.60086600000	60.61063100000
18416	Серпухов	54.91273500000	37.42588200000
101238	Серышево	51.09716500000	128.36874100000
18421	Сестрорецк	60.09950800000	29.94942900000
101367	Сеща	53.72925300000	33.33403900000
18431	Сибай	52.70771900000	58.66712100000
101273	Сиваки	52.62942000000	126.74737000000
101441	Силач	55.99897800000	60.43593500000
73515	Симеиз	44.41670000000	34.01670000000
6782	Симферополь	44.96160000000	34.10380000000
101891	Синдор	62.86390700000	51.88956700000
101498	Синезерский	53.03507200000	34.43393600000
101249	Синяя Осока	56.72066900000	40.67079600000
18528	Сковородино	53.98870300000	123.93183600000
101100	Сколково	55.68794900000	37.36946700000
101709	Скопин	53.82345000000	39.56532900000
101235	Славгород	52.99846000000	78.64740900000
101962	Славск	55.04252100000	21.67051300000
101589	Славянка	42.88175900000	131.39394800000
101138	Славянск-на-Кубани	45.24714300000	38.12467000000
101948	Славянское	54.84330000000	20.97614900000
101583	Слаговищи	53.97038600000	35.86907700000
101813	Сланцевый Рудник	54.44808900000	48.38804700000
101621	Сляднево	54.73185800000	36.20317000000
101507	Смидович	48.59725000000	133.83104800000
3089	Смоленск	54.77817200000	32.01508300000
61283	Смоленская область	60.71666700000	114.90000000000
101601	Смоляниново	43.28193200000	132.45808600000
101219	Снегири	55.88268700000	37.03296700000
61197	Снежинск	56.08333300000	60.73333300000
100845	Советск	55.07436000000	21.87314100000
101809	Совхозный	56.76562200000	60.56506400000
101556	Совьяки	55.23783900000	36.43386500000
101257	Сокол	59.46698700000	40.14305100000
101909	Сокрутовка	47.91206800000	46.53816300000
101090	Солнечногорск	56.17589800000	36.95929300000
100907	Соловецкий	65.00270200000	35.75228400000
100997	Солоники	43.88546600000	39.37701900000
101710	Солотча	54.79523500000	39.88085100000
101241	Сольвычегодск	61.33883800000	46.91671500000
101904	Соляной	48.43669100000	44.43994600000
101254	Сопелки	57.55016000000	40.05264100000
100888	Сорокино	56.00425100000	37.66902000000
101206	Сорокино (Московская область)	54.83044900000	38.24809300000
18771	Сорочинск	52.43330000000	53.15000000000
18773	Сортавала	61.69556800000	30.67875000000
100798	Сосёнки	57.43254900000	38.56402400000
101162	Сосновка	53.85216700000	58.29354100000
101670	Сосновка (Кемеровская область)	53.66988700000	87.15274600000
101124	Соузга	51.88267200000	85.85213500000
101294	Софрино	56.13955500000	37.93475800000
18820	Сочи	43.58682600000	39.72014300000
100858	Сочи (и окрестности)	43.58682600000	39.72014300000
101598	Спас-Деменск	54.40978000000	34.03325900000
101695	Спасская Губа	62.22276100000	33.81597300000
101269	Среднебелая	50.67639800000	128.03874700000
101778	Среднеколымск	67.46698400000	153.50440400000
101539	Среднеуральск	57.00028900000	60.47666700000
4335	Ставрополь	45.03218400000	41.95622800000
100977	Ставропольский край	NULL	NULL
18887	Старая Русса	57.99507900000	31.34488400000
101655	Старобачаты	54.24422500000	86.20679900000
101360	Стародуб	52.59210900000	32.76514700000
101330	Старочеркасская	47.25720100000	40.05388200000
102142	Старый Бор	56.70922300000	53.13505400000
18925	Старый Оскол	51.30550600000	37.84395800000
60318	Стегаловка	52.41380300000	38.31156200000
101322	Степаново	58.45243100000	42.49314300000
18957	Стерлитамак	53.63348700000	55.95536900000
101212	Столбовая	55.25096600000	37.50918400000
102001	Страхово	54.74725500000	37.24878500000
42007	Стрежевой	60.71103500000	77.59022300000
100799	Стрельна	59.85374300000	30.03524400000
101971	Стрельня	54.50683800000	20.57805100000
101186	Ступино	54.88743500000	38.09815700000
101493	Стяжное	53.11501900000	34.45162500000
73500	Судак	44.85000000000	34.96670000000
101027	Судаково	55.36159100000	37.74616200000
101857	Судженка	56.11124900000	86.16735500000
101576	Судимир	53.60629700000	34.80325600000
102097	Судогда	55.93830700000	40.89195700000
45186	Суздаль	56.39918700000	40.49015000000
101372	Суземка	52.31945800000	34.07779300000
101076	Сукко	44.78206200000	37.40132200000
101472	Сумовский	50.78746700000	35.89633100000
19108	Суоярви	62.08330000000	32.36660000000
101887	Супротивный	58.34286500000	46.46548400000
101075	Су-Псех	44.85293100000	37.35335400000
102023	Сура	53.89376000000	45.75114300000
2408	Сургут	61.22986100000	73.43387000000
101733	Суслово	56.21442400000	88.11826500000
101585	Сухиничи	54.11162600000	35.33300400000
100915	Сходня	55.94236100000	37.31609200000
19175	Сызрань	53.15609100000	48.45759500000
4076	Сыктывкар	61.64987800000	50.84380600000
101756	Сыня	65.37905600000	58.04048200000
101154	Сыростан	55.06240000000	59.90774000000
102126	Сычёвка	55.82566200000	34.29127700000
101694	Сямозеро	61.89570100000	33.30537400000
19232	Таганрог	47.21467800000	38.90252500000
101856	Тайга	56.06594500000	85.62407500000
101314	Тайшет	55.92757300000	98.00504600000
102109	Талашкино	54.65215800000	32.15380200000
101428	Талдан	53.69127000000	124.82530700000
101195	Талдом	56.73465100000	37.53152600000
102137	Талицы	56.80618200000	38.65136000000
101837	Тальжино	53.75941500000	87.41007700000
100871	Тамань	45.16534900000	36.68576600000
6376	Тамбов	52.71128000000	41.45149100000
100979	Тамбовская область	NULL	NULL
100863	Тарко-Сале	64.91212700000	77.78053500000
101388	Тарманчукан	49.19520800000	130.65801500000
101557	Таруса	54.72177500000	37.18231200000
101392	Татакан	49.35081600000	130.16301100000
102038	Татарск	55.21916500000	75.98373400000
101420	Тахтамыгда	54.11305700000	123.59230700000
102041	Тацинская	48.19817600000	41.26567300000
101958	Ташеба	53.66345500000	91.28204300000
101565	Таштагол	52.76912600000	87.87769900000
102016	Тащиловка	52.48460800000	44.28806400000
100984	Тверская область	NULL	NULL
1362	Тверь	56.88401500000	35.97238900000
101660	Теба	53.64388300000	88.54469100000
101326	Тегенекли	43.25116100000	42.62213600000
101527	Тейково	56.85730900000	40.57930800000
19460	Темрюк	45.28100100000	37.39691900000
101516	Теплоозерск	48.99920500000	131.90358900000
100808	Теплый Стан	53.97148700000	50.16071700000
101492	Тербуны	52.14037400000	38.28244600000
101519	Терек	43.48480100000	44.14268800000
101656	Терентьевск	54.06795200000	86.86467300000
100896	Терней	45.04472200000	136.60630400000
61058	Терскол	43.25515100000	42.50974000000
101966	Тигей	53.60684700000	91.14051100000
19546	Тимашевск	45.60907300000	38.94358000000
101697	Типиницы	62.19491400000	35.41396100000
101863	Тисуль	56.07423600000	88.68952200000
19582	Тихвин	59.63330000000	33.50000000000
101606	Тихонова Пустынь	54.64434000000	36.15268500000
44676	Тихорецк	45.85000000000	40.11660000000
4566	Тобольск	58.20053400000	68.28195500000
101618	Товарково	54.69794500000	35.97134200000
101081	Токсово	60.15588400000	30.52491800000
102076	Толбазы	54.01040900000	55.90396500000
19651	Тольятти	53.53455200000	49.34783000000
101471	Томаровка	50.67514800000	36.24081700000
101397	Томичи	50.77484500000	128.24039500000
4556	Томск	56.44653300000	85.00108000000
100981	Томская область	NULL	NULL
101658	Томусинская	53.76821700000	87.60055400000
101569	Топки	55.27356000000	85.60849800000
19694	Торжок	57.03665100000	34.95773500000
101083	Торфяновка	60.59490500000	27.93953300000
101488	Троекурово	53.40980100000	39.71090400000
61166	Троицк	54.10863400000	61.57904900000
101677	Троицко-Печорск	62.70641700000	56.19817500000
100771	Тропарёво	55.39162900000	35.92357500000
101371	Трубчевск	52.57901800000	33.77223600000
101735	Трудармейский	54.13018400000	86.40455000000
101828	Трудовая	56.12429800000	37.51164300000
102040	Трудовое	43.31233000000	132.07582600000
101021	Трусово	56.04426000000	36.88224600000
19802	Туапсе	44.10402100000	39.07483700000
102074	Туймазы	54.59720800000	53.70890400000
6435	Тула	54.21905100000	37.65469000000
101806	Тулиновка	52.80987300000	41.56614400000
100982	Тульская область	NULL	NULL
101673	Тульский	44.50968400000	40.17343800000
101406	Тунгала	53.55692100000	129.44491900000
101251	Туношна	57.54383500000	40.12568100000
102093	Туран	52.14318600000	93.91786400000
101155	Тургояк	55.16196400000	60.14179300000
101905	Турун	66.22970100000	60.89306300000
101876	Тутаев	57.88473700000	39.57946600000
101652	Тутальская	55.75485300000	84.99405500000
101409	Тутаул	55.02675700000	127.45890500000
101217	Тучково	55.60170500000	36.47161200000
101274	Тыгда	53.11067700000	126.32708800000
102117	Тымовское	50.84723400000	142.66531700000
101280	Тында	55.15006100000	124.72652900000
100985	Тюменская область	NULL	NULL
4500	Тюмень	57.16081200000	65.50902700000
101452	Тюрлема	55.75700800000	48.23046100000
101862	Тяжинский	56.11735000000	88.52010900000
102031	Убинское	55.30606700000	79.68801900000
101990	Уварово	51.97619600000	42.23914100000
101817	Уват	59.14667600000	68.89630300000
101433	Увельский	54.44296500000	61.36841000000
102100	Углегорск	49.08243100000	142.07270900000
19980	Углич	57.53035700000	38.32106400000
101613	Угрюмово	55.01778800000	35.14327000000
20008	Удомля	57.87396500000	35.01554700000
102002	Узловая	53.98150900000	38.17765700000
101204	Узуново	54.54508000000	38.61940400000
20057	Улан-Удэ	51.82693400000	107.65703600000
4693	Ульяновск	54.29623700000	48.39437700000
100987	Ульяновская область	1.00000000000	1.00000000000
101985	Умет	52.56382300000	42.96019900000
101410	Унаха	55.15324900000	126.58839100000
101361	Унеча	52.84816000000	32.67761600000
101454	Уразово	50.08526800000	38.04319300000
42109	Урай	60.11266000000	64.80112600000
100853	Уральские горы	NULL	NULL
100864	Уренгой	65.96493000000	78.36650500000
101389	Урил	49.23042400000	130.47594900000
101122	Урлу-Аспак	51.68630600000	86.21468400000
101451	Урмары	55.67952600000	47.92895500000
101309	Урняк	56.23081000000	50.00562800000
101490	Урусово	53.50208100000	39.61162200000
101140	Уруссу	54.58028600000	53.46333800000
101277	Уруша	54.05822600000	122.88820400000
102082	Урюпинск	50.80017600000	42.03757400000
101759	Уса	66.51676100000	61.67741400000
2764	Усинск	65.83966400000	57.44337500000
101841	Ускатская	54.07043100000	87.09069400000
101483	Усман	52.04747000000	39.73333400000
101789	Усовка	51.79475100000	46.52047100000
100916	Усово	55.71809300000	37.18915400000
101311	Усолье-Сибирское	52.74043100000	103.64106900000
20205	Уссурийск	43.78955800000	131.96564400000
101940	Устье	56.79952400000	36.75191800000
41140	Усть-Илимск	58.00104200000	102.67943100000
101437	Усть-Катав	54.93199800000	58.18431900000
61282	Усть-Качка	58.02289300000	55.69144500000
101761	Усть-Койсуг	47.13944200000	39.57045000000
100897	Усть-Кокса	50.27589100000	85.64358500000
41132	Усть-Кут	56.78999700000	105.70507700000
101779	Усть-Майя	60.42057800000	134.56867400000
101780	Усть-Нера	64.56922100000	143.28765600000
102113	Усть-Унья	61.81194200000	57.90171300000
100865	Усть-Цильма	65.37775400000	52.38555300000
102088	Устюжна	58.83560300000	36.44102800000
101169	Утулик	51.54490000000	104.05557600000
20263	Уфа	54.77589300000	56.04619000000
40676	Ухта	63.55659100000	53.73909400000
20273	Учалы	54.31251400000	59.39178400000
101741	Учулен	53.14151000000	87.37603200000
101401	Ушумун	52.77901800000	126.53842100000
101707	Уя	61.60994900000	34.66785300000
101071	Фадеево	45.06221900000	37.55775100000
101287	Февральск	52.46331100000	130.83674800000
20336	Феодосия	45.04880000000	35.37910000000
100904	Ферапонтово	59.95716600000	38.59057100000
101727	Филипцево	57.80219400000	41.23761700000
101180	Фролищи	56.42666400000	42.65109600000
101922	Фролово	49.76308000000	43.65784300000
101198	Фруктовая	54.91780000000	39.26236300000
101291	Фрязево	55.73320000000	38.48487200000
101014	Фрязино	55.96182100000	38.04859700000
101529	Фурманов	57.24996900000	41.14430700000
2761	Хабаровск	48.42760300000	135.13648700000
100943	Хабаровский край	NULL	NULL
100944	Хакасия	NULL	NULL
1082	Ханты-Мансийск	60.98248600000	68.95728400000
100945	Ханты-Мансийский автономный округ	NULL	NULL
101302	Харабали	47.40183700000	47.25866100000
101258	Харовск	59.95324900000	40.21300000000
101683	Хасавюрт	43.24457000000	46.61172300000
100754	Хатанга	71.91964000000	102.69799200000
60450	Хвалынск	52.48468200000	48.10135300000
101873	Хилок	51.36048400000	110.46243900000
100777	Химки	55.92021600000	37.41771700000
102131	Хиславичи	54.18997600000	32.16121600000
101460	Хлевище	50.55489500000	38.53652300000
102128	Хмелита	55.40122500000	33.89259200000
101586	Хмельницкое	43.29244900000	133.11862700000
101998	Хоботово	53.06995100000	40.37516000000
102114	Холмск	47.04577800000	142.05560000000
101772	Хону	66.78351300000	131.72254100000
101855	Хопкино	55.94353100000	85.45193300000
101413	Хорогочи	55.37684500000	123.76652500000
100821	Хорошево	57.79630500000	31.21550600000
100769	Хорошевский	52.57595000000	36.53993800000
100995	Хоста	43.52022400000	39.86145500000
101476	Хотмыжск	50.51696900000	35.82864900000
101149	Хотынец	53.12115100000	35.40278700000
101295	Хотьково	56.25493900000	37.99425400000
100884	Хужир	53.20304000000	107.34453500000
101843	Царево (Московская область)	56.08049400000	38.09924700000
101875	Царево (Тверская область)	58.32051600000	34.49657800000
102157	Цемдолина	44.75546000000	37.71667200000
100849	Центральная Россия	NULL	NULL
102078	Центральное	43.34484000000	132.69689500000
102020	Чаадаевка	53.13784900000	45.91020400000
20747	Чайковский	56.75704000000	54.13970600000
101988	Чакино	52.22875800000	41.95451900000
101402	Чалганы	52.95661000000	126.43383000000
102036	Чаны	55.30822400000	76.77081700000
102120	Чапаевск	52.96953100000	49.70042000000
101485	Чаплыгин	53.24488100000	39.97413100000
3976	Чебоксары	56.13925800000	47.22815500000
937	Челябинск	55.12166500000	61.30618800000
100930	Челябинская область	NULL	NULL
101118	Чемал	51.39922500000	86.03010600000
101123	Чепош	51.58630500000	85.83582400000
101435	Чербакуль	54.97702400000	60.37271500000
101378	Червленная	43.49914600000	45.88250100000
101379	Червленная-Узловая	43.44895900000	45.97682900000
101497	Черемисиново	51.88416400000	37.26872900000
100824	Черемушки	55.11721900000	92.21727200000
101312	Черемхово	53.14347400000	103.06604200000
20872	Череповец	59.10873500000	37.93010700000
20883	Черкесск	44.28120200000	42.09290100000
101200	Чёрная	55.02463800000	38.91824000000
101632	Черная Грязь	54.96534500000	36.79181700000
101113	Черновская (Владимирская область)	55.93307000000	41.90887100000
101871	Черновская (Забайкальский край)	51.97285800000	113.23264300000
101376	Чернокозово	43.67742400000	45.35800400000
73491	Черноморское	45.50390000000	32.69970000000
101233	Черный Яр	48.05748600000	46.10508700000
102004	Чернь	53.44186400000	36.91115400000
101463	Чернянка	50.94297000000	37.81583300000
100856	Черняховск	54.63153500000	21.83431600000
101747	Черский	68.76576100000	161.41775900000
100766	Чертаново	55.49607500000	36.06112800000
101343	Чертовицы	51.81713600000	39.26474800000
101288	Черусти	55.53560400000	40.00104800000
101188	Чехов	55.13779800000	37.47694600000
100929	Чеченская Республика	NULL	NULL
101897	Чикшино	64.90248300000	56.42672700000
101283	Чильчи	56.01589100000	122.40868300000
101121	Чиндек	50.26698000000	85.95636300000
101892	Чиньяворык	63.21469500000	52.69742300000
101218	Чисмена	56.02034500000	36.21794600000
101657	Чистогорск	53.93654300000	87.33997900000
61191	Чистополь	55.36546400000	50.62116000000
101103	Чистые Пруды	54.45441400000	22.43229200000
2412	Чита	52.04823100000	113.48223100000
101751	Чокурдах	70.62705900000	147.84587200000
100931	Чувашская Республика	NULL	NULL
102058	Чугуевка	44.15948200000	133.87345700000
101830	Чугунаш	52.88619400000	87.78017400000
21056	Чудово	59.13307700000	31.70194600000
100918	Чукотский автономный округ	NULL	NULL
101044	Чулково	55.55624900000	38.04817800000
102025	Чулпан	53.27640400000	43.67131100000
101836	Чульжан	53.65011700000	88.24578100000
101719	Чумбур-Коса	46.95856200000	38.90550400000
102014	Чупа	66.26904300000	33.03915200000
101755	Чурапча	62.02353800000	132.34040000000
101041	Чурилково	55.49635800000	37.83387100000
101815	Чусовой	58.30250000000	57.64941000000
21110	Шадринск	56.07947300000	63.70025700000
101593	Шайковка	54.23515300000	34.36271100000
101262	Шалакуша	62.23046200000	40.26677300000
101829	Шалым	52.86298800000	87.92114200000
102057	Шальский	61.79769800000	36.01169100000
101521	Шамординский	54.16058800000	35.86810500000
101146	Шапсугская	44.74656200000	38.08019500000
21169	Шарья	58.36476600000	45.52733600000
21176	Шатура	55.56456400000	39.53348900000
101193	Шаховская	56.03279100000	35.51639800000
60937	Шахты	47.69709800000	40.23972600000
101479	Шебекино	50.37623100000	36.84922200000
101011	Шевёлкино	55.83322200000	38.09176300000
101792	Шевырёвка	51.62986600000	45.80315800000
101547	Шелангер	56.21524200000	48.26297100000
101174	Шелехов	52.20459600000	104.09678600000
101380	Шелковская	43.50966100000	46.33243700000
102064	Шелтозеро	61.37080400000	35.35142500000
101131	Шемордан	56.18603800000	50.40185800000
102053	Шемышейка	52.88796900000	45.39134400000
101625	Шемякино	55.05486000000	36.56241400000
101243	Шенкурск	62.11169100000	42.92000700000
101582	Шепелево	54.04371300000	36.01361900000
101129	Шерегеш	52.93368100000	87.98602600000
101487	Шерекино	51.66574000000	35.23632300000
101239	Шимановск	52.01294200000	127.68726500000
101721	Шиповка	54.74135700000	20.18900500000
101069	Широкая Балка	44.65032600000	37.70569200000
101654	Шишино	55.36383800000	85.22284500000
101590	Шлиппово	54.16931500000	35.11495200000
101057	Шлиссельбург	59.93483500000	31.02987400000
101949	Шолохово	54.84264200000	21.21159300000
101450	Шоркистры	55.63469300000	47.74645100000
101453	Шоршелы	56.01482900000	47.58520600000
101418	Штурм	54.24308300000	123.75710600000
101448	Шумерля	55.49431900000	46.39161000000
101337	Шумиха	55.22375300000	63.36661600000
101879	Шушкодом	58.65730300000	41.30051800000
21431	Шуя	56.85577100000	41.35918100000
101703	Шуя (Карелия)	61.90101100000	34.23944700000
101953	Щегловка	55.07675300000	21.64718200000
100908	Щекино	54.00831400000	37.52444800000
100810	Щелково	55.90860300000	38.01853000000
101680	Щелыково	57.61187100000	42.17556000000
100809	Щербинка	55.49682500000	37.60352400000
101354	Щигры	51.86975100000	36.94024000000
101338	Щучье	55.21369000000	62.78223500000
101320	Ыб	61.27116500000	50.57169300000
21500	Электросталь	55.79954000000	38.47079500000
100832	Электроугли	55.71286500000	38.35257300000
1902	Элиста	46.32132600000	44.19904600000
100895	Эльбрус	43.26127400000	42.66713200000
102080	Эльтон	49.13031900000	46.77416600000
101942	Эммаус	56.77878200000	36.12731800000
16935	Энгельс	51.47676300000	46.09795100000
100841	Эрги-Барлык	50.92723900000	90.42709900000
101822	Эртиль	51.86074700000	40.82384500000
101501	Эссо	55.91808500000	158.73012000000
101692	Эссойла	61.84805700000	33.21421300000
101032	Юбилейный	55.93604100000	37.84588500000
100852	Юг России – побережье Черного моря	NULL	NULL
61259	Югорск	61.31666700000	63.35000000000
102118	Южно-Курилск	44.03878700000	145.85158700000
4735	Южно-Сахалинск	46.91264500000	142.78688700000
101156	Южноуральск	54.43940800000	61.24659000000
101001	Южный	44.06239900000	39.12159500000
101284	Юктали	56.59678000000	121.62940000000
101570	Юрга	55.70778100000	84.87819400000
101335	Юргамыш	55.38382900000	64.54032200000
101533	Юрьевец	57.32735500000	43.15389900000
102103	Юрьев-Польский	56.50027800000	39.67768400000
101474	Юсупово	50.90032300000	35.66321000000
101629	Юхнов	54.73349800000	35.23897500000
101776	Ягодное	53.60320700000	49.08809000000
100996	Якорная щель	43.76343400000	39.50691000000
101158	Якты-Куль	53.57977400000	58.61115500000
3608	Якутск	62.05834700000	129.73838600000
101412	Якутский	55.85384300000	124.97676600000
101886	Якшанга	58.35666500000	45.92508300000
101964	Ялга	54.12147800000	45.11420200000
43932	Ялта	44.49900000000	34.15520000000
101816	Ялуторовск	56.63432200000	66.35753800000
101546	Яльчик	56.02375400000	48.40525200000
100992	Ямало-Ненецкий автономный округ	NULL	NULL
101933	Ямок	56.94952300000	35.44220700000
102049	Янаул	56.27219600000	54.93621900000
100805	Янино	55.19258200000	39.42187800000
100893	Янтарный	54.86848900000	19.95002000000
101899	Янью	65.49027900000	58.39135200000
102145	Яр	58.24927000000	52.11419300000
101562	Яранск	57.30456100000	47.89488500000
101893	Ярега	63.43149600000	53.58998200000
101194	Ярополец	56.13283600000	35.82669900000
2460	Ярославль	57.61240700000	39.84571500000
100993	Ярославская область	1.00000000000	1.00000000000
101796	Ярцево	55.06235100000	32.70812300000
12756	Ясенево	56.36059600000	36.74919800000
101929	Ясная Поляна	54.07286600000	37.52908600000
21788	Яхрома	56.29239100000	37.48133800000
101701	Яшезеро	61.32649000000	34.95974300000
101854	Яшкино	55.87053000000	85.42722900000
102068	Яшкуль	46.17348600000	45.32469200000
101858	Яя	56.20462300000	86.42502700000